20.6388
15.9632
27.2890
6.1787
41.6255
11.7820
18.2918
33.4234
2.1989
23.9410
37.7495
44.4684
49.2050
27.3927
39.4342
17.0756
7.0805
0.5646
7.7062
14.2053
13.8482
23.7884
43.5100
32.2789
7.5047
26.2376
4.7458
36.2724
2.0326
14.2388
2.6354
26.9349
16.9856
38.7368
30.5683
10.4514
49.7543
34.7204
27.0509
15.8503
4.5810
40.4505
49.3042
30.4874
17.3869
29.2697
9.0460
48.8982
40.4154
11.8431
47.0854
5.3516
25.8515
41.5949
48.1810
35.4193
22.4120
31.1970
22.8697
36.8125
23.9730
12.9097
7.7016
24.9100
34.3283
0.5692
10.5124
3.1878
37.1193
36.0572
2.2691
43.9190
34.9951
28.0397
32.0790
49.4201
47.0869
15.8365
16.8773
39.2114
28.8317
16.1677
32.4193
33.3364
3.2305
35.6314
7.0607
27.1943
17.6006
6.7311
44.9872
28.2045
14.8538
30.2356
30.3379
49.5727
33.4218
31.7021
38.9123
31.5190
